104.7290 29.6149
104.7243 29.6163
104.7243 29.6184
104.7362 29.6184
104.7213 29.6212
104.7195 29.6218
104.7201 29.6225
104.7266 29.6232
104.7207 29.6239
104.7231 29.6253
104.7433 29.6267
104.7272 29.6274
104.7356 29.6280
104.7225 29.6287
104.7278 29.6287
104.7243 29.6294
104.7201 29.6308
104.7397 29.6308
104.7475 29.6315
104.7445 29.6322
104.7201 29.6336
104.7302 29.6336
104.7308 29.6336
104.7356 29.6349
104.7195 29.6377
104.7272 29.6377
104.7385 29.6384
104.7487 29.6384
104.7493 29.6384
104.7308 29.6391
104.7326 29.6391
104.7332 29.6398
104.7457 29.6412
104.7231 29.6418
104.7421 29.6432
104.7314 29.6460
104.7255 29.6487
104.7255 29.6494
